parse: 0.27976703643799
Import: 19.197465896606
parse: 0.0079998970031738
Import: 16.7114341259
parse: 0.010932922363281
Import: 20.380124092102
